-17.375549
35.177231
0.000000
0.000000
0.000000
0.815078
0.579352
-14.214947
36.242638
0.000000
0.000000
0.000000
0.827770
0.561067
-11.502328
36.363262
0.000000
0.000000
0.000000
0.761772
-0.647845
-8.577744
35.431515
0.000000
0.000000
0.000000
0.155121
-0.987895
-5.108603
34.453609
0.000000
0.000000
0.000000
0.739247
-0.673435
-2.254493
33.347034
0.000000
0.000000
0.000000
0.427075
0.904216
-0.483687
30.828228
0.000000
0.000000
0.000000
0.471050
-0.882107
-2.504791
35.038803
0.000000
0.000000
0.000000
0.874426
-0.485159
-5.716013
34.910748
0.000000
0.000000
0.000000
0.847767
-0.530370
-8.746660
35.058475
0.000000
0.000000
0.000000
0.978090
0.208181
-6.175062
-3.900305
0.000000
0.000000
0.000000
0.998989
0.044966
